12
85
154
191
197
261
383
417
428
481
549
702
743
772
806
876
915
1163
1261
1323
1375
1399
1438
1440
1468
1469
1562
1652
1666
1675
1851
1899
1981
2025
2047
2060
2071
2080
2082
2087
2099
2125
2138
2147
2153
2179
2193
2198
2239
2252
2255
2291
2301
2320
2331
2359
2378
2435
2452
2461
2465
2473
2547
2562
2595
2608
2629
2632
2635
2663
2680
2746
2791
2808
2841
2861
2901
2924
2936
2954
2972
2995
3009
3016
3057
3058
3066
3108
3115
3125
3147
3153
3171
3172
3200
3213
3234
3270
3275
3296
3304
3329
3434
3480
3491
3519
3616
3678
3688
3717
3751
3757
3759
3798
3805
3822
3842
3848
3855
3909
3910
3919
3923
3928
3958
3969
3970
3989
3998
4000
4003
4012
4044
4064
4095
4107
4114
4138
4143
4208
4214
4360
4400
4409
4434
4438
4440
4464
4476
4513
4533
4545
4553
4577
4588
4620
4664
4712
4760
4811
4824
4827
4854
4876
4897
4963
4974
4999
5041
5057
5107
5114
5121
5131
5132
5218
5312
5345
5352
5392
5397
5422
5445
5446
5466
5475
5494
5537
5556
5590
5607
5611
5613
5633
5657
5660
5695
5750
5782
5800
5874
5926
5952
5958
5992
6015
6058
6061
6074
6101
6111
6119
6152
6155
6160
6225
6246
6328
6340
6377
6395
6409
6447
6469
6515
6537
6554
6605
6608
6629
6659
6676
6689
6720
6727
6730
6739
6766
6767
6797
6814
6822
6832
6838
6861
6879
6927
6934
6946
6981
6992
7019
7033
7045
7053
7065
7067
7115
7116
7117
7165
7176
7207
7213
7220
7241
7258
7268
7273
7331
7342
7344
7354
7366
7367
7396
7405
7419
7428
7432
7433
7467
7486
7495
7530
7602
7614
7620
7637
7644
7652
7675
7678
7684
7686
7693
7720
7733
7742
7746
7786
7788
7799
7809
7831
7834
7835
7839
7855
7874
7912
7938
7965
7966
7987
8004
8012
8030
8036
8054
8056
8081
8086
8115
8133
8136
8172
8216
8255
8280
8281
8317
8328
8349
8384
8397
8401
8426
8443
8454
8476
8480
8515
8525
8562
8581
8587
8599
8616
8634
8636
8655
8682
8693
8700
8750
8754
8764
8771
8841
8851
8854
8863
8878
8889
8922
8926
8930
8942
8948
8953
8970
8971
0
43
51
102
128
148
192
249
272
348
349
386
457
494
516
596
612
659
698
708
711
767
771
787
817
894
898
933
984
1081
1092
1180
1206
1332
1340
1345
1405
1409
1486
1605
1649
1670
1792
1806
1811
1816
1827
1833
1869
1877
1950
1974
2016
2021
2035
2036
2044
2073
2101
2140
2141
2144
2145
2146
2202
2209
2211
2217
2250
2256
2265
2268
2294
2296
2332
2334
2338
2350
2352
2365
2372
2407
2408
2422
2428
2439
2446
2493
2519
2525
2531
2532
2535
2541
2563
2564
2614
2633
2636
2637
2652
2653
2654
2684
2690
2719
2727
2753
2787
2797
2803
2810
2816
2829
2845
2848
2851
2859
2875
2876
2894
2938
2986
2988
2993
3003
3007
3010
3046
3049
3064
3137
3159
3162
3180
3187
3188
3194
3219
3227
3256
3266
3287
3315
3321
3332
3338
3339
3342
3350
3361
3381
3393
3405
3406
3410
3431
3433
3446
3469
3471
3478
3479
3509
3514
3537
3546
3575
3590
3630
3637
3638
3665
3668
3677
3689
3729
3735
3742
3754
3764
3779
3807
3817
3837
3850
3865
3866
3873
3884
3890
3896
3899
3901
3906
3926
3951
3955
3997
4002
4005
4009
4051
4060
4130
4145
4147
4153
4164
4165
4171
4175
4192
4223
4242
4256
4266
4271
4295
4306
4308
4311
4315
4335
4349
4358
4382
4384
4407
4441
4456
4469
4480
4491
4516
4529
4551
4579
4596
4599
4619
4635
4645
4670
4685
4689
4690
4691
4696
4707
4733
4734
4742
4747
4773
4788
4803
4804
4823
4830
4833
4838
4856
4884
4895
4899
4909
4912
4917
4925
4934
4948
4954
4956
4981
4995
5009
5017
5030
5064
5087
5096
5141
5142
5155
5162
5194
5198
5206
5227
5229
5282
5290
5293
5321
5364
5374
5375
5377
5381
5390
5396
5469
5470
5483
5507
5511
5522
5568
5575
5591
5592
5594
5608
5628
5635
5641
5649
5655
5659
5669
5682
5700
5722
5749
5755
5781
5831
5856
5885
5902
5957
5978
5983
6008
6046
6048
6050
6054
6084
6094
6118
6123
6138
6183
6185
6197
6204
6218
6224
6253
6255
6259
6260
6276
6299
6306
6330
6354
6357
6359
6371
6396
6402
6414
6450
6459
6464
6478
6491
6502
6510
6512
6514
6560
6561
6572
6589
6596
6613
6616
6617
6619
6651
6652
6653
6669
6672
6703
6726
6751
6753
6790
6792
6815
6820
6854
6855
6880
6944
6957
6977
6987
6990
7006
7007
7022
7069
7070
7084
7153
7162
7187
7190
7191
7195
7198
7203
7210
7229
7233
7235
7265
7271
7276
7312
7315
7318
7345
7346
7351
7356
7358
7387
7421
7424
7443
7453
7460
7462
7520
7537
7538
7552
7567
7569
7592
7599
7606
7607
7668
7723
7729
7735
7753
7773
7777
7808
7820
7827
7843
7851
7856
7878
7887
7929
7930
7941
7959
7975
7981
7998
8020
8045
8057
8083
8105
8109
8145
8146
8159
8191
8214
8282
8290
8292
8312
8315
8334
8356
8358
8361
8394
8428
8432
8435
8436
8448
8472
8479
8508
8512
8546
8559
8594
8604
8635
8640
8667
8697
8716
8729
8753
8773
8799
8823
8838
8843
8845
8849
8852
8874
8944
8976
8977
9
25
184
185
219
257
271
320
323
387
401
415
434
437
456
469
560
571
578
588
609
617
625
627
637
653
654
679
717
721
741
762
775
820
826
841
866
872
928
969
1001
1113
1118
1119
1123
1208
1239
1253
1259
1274
1295
1317
1319
1320
1358
1362
1373
1397
1448
1450
1509
1532
1555
1560
1564
1690
1723
1790
1823
1846
1878
1890
1934
1957
1966
2007
2012
2015
2023
2028
2053
2086
2098
2111
2204
2223
2244
2246
2272
2322
2344
2367
2385
2401
2406
2410
2455
2464
2480
2501
2505
2517
2522
2527
2552
2577
2578
2602
2618
2640
2661
2677
2692
2743
2840
2854
2874
2892
2896
2928
2953
2996
2997
3053
3061
3067
3071
3077
3090
3118
3121
3134
3148
3152
3166
3184
3216
3222
3224
3253
3261
3268
3277
3282
3285
3317
3324
3330
3370
3401
3418
3438
3440
3443
3447
3473
3477
3512
3513
3532
3533
3567
3569
3583
3596
3639
3640
3642
3643
3646
3652
3679
3696
3697
3706
3716
3718
3748
3762
3781
3783
3785
3787
3794
3829
3859
3869
3879
3881
3935
3961
4001
4010
4032
4042
4053
4055
4065
4070
4088
4116
4125
4155
4159
4170
4198
4212
4238
4254
4257
4262
4276
4281
4309
4313
4326
4352
4353
4356
4383
4385
4428
4465
4483
4494
4501
4511
4512
4520
4522
4534
4542
4543
4590
4617
4640
4650
4651
4680
4683
4735
4751
4759
4766
4768
4783
4799
4805
4822
4882
4890
4894
4930
4943
4958
4970
4991
5007
5010
5033
5062
5070
5073
5076
5078
5135
5154
5159
5165
5177
5201
5213
5222
5234
5236
5260
5261
5278
5289
5327
5333
5335
5361
5368
5404
5410
5423
5450
5461
5492
5497
5504
5505
5506
5530
5557
5571
5583
5593
5616
5625
5639
5672
5673
5675
5678
5696
5702
5716
5739
5741
5744
5759
5762
5770
5779
5788
5796
5811
5816
5821
5834
5854
5890
5920
5921
5925
5930
5935
5966
5975
5994
6043
6053
6060
6081
6082
6102
6126
6164
6182
6196
6198
6210
6212
6227
6230
6236
6282
6284
6309
6311
6345
6365
6404
6423
6466
6473
6477
6496
6506
6516
6587
6594
6612
6622
6630
6638
6648
6661
6670
6671
6678
6683
6695
6702
6722
6748
6816
6821
6849
6871
6893
6898
6956
6960
6965
6969
6994
7010
7025
7037
7042
7068
7078
7079
7087
7090
7099
7100
7126
7130
7135
7155
7177
7254
7281
7290
7311
7314
7324
7328
7339
7364
7376
7379
7384
7410
7411
7429
7447
7448
7485
7493
7496
7557
7568
7576
7577
7586
7594
7604
7608
7619
7636
7647
7650
7656
7661
7679
7682
7683
7691
7699
7703
7727
7732
7738
7743
7752
7755
7768
7792
7807
7810
7815
7837
7838
7858
7869
7889
7962
7972
7993
7996
8019
8024
8028
8061
8160
8176
8181
8186
8210
8229
8259
8274
8278
8296
8299
8316
8362
8364
8369
8370
8392
8416
8457
8458
8464
8478
8499
8518
8533
8585
8624
8626
8638
8652
8662
8676
8684
8686
8691
8758
8780
8885
8950
8956
8961
8984
