27
26
36
33
48
52
56
42
55
67
59
81
89
91
93
97
74
110
123
131
121
150
130
146
168
160
202
177
204
206
203
205
200
213
222
236
230
244
253
265
250
266
260
287
284
286
293
315
274
316
318
324
326
344
355
381
360
389
390
403
404
413
444
411
442
452
445
467
468
448
462
471
463
485
482
480
490
513
512
515
514
530
526
535
532
545
547
580
594
591
583
587
600
599
639
638
634
628
640
660
677
681
696
715
723
737
738
733
758
766
777
801
813
796
808
810
830
828
835
845
853
838
842
869
893
904
908
927
948
954
952
957
955
985
994
1015
1005
1009
1010
1017
1020
1028
1029
1030
1034
1042
1050
1036
1069
1080
1099
1103
1100
1112
1122
1131
1127
1137
1148
1157
1170
1155
1152
1186
1197
1175
1179
1199
1207
1233
1236
1237
1232
1258
1278
1290
1287
1291
1306
1294
1318
1336
1324
1330
1341
1346
1333
1353
1363
1381
1385
1379
1403
1387
1402
1422
1430
1431
1453
1449
1451
1480
1466
1481
1497
1492
1496
1519
1518
1521
1548
1535
1581
1547
1586
1610
1618
1603
1627
1632
1661
1648
1673
1687
1676
1659
1688
1689
1714
1716
1721
1710
1736
1754
1726
1771
1767
1758
1769
1802
1812
1808
1828
1831
1824
1843
1856
1854
1859
1848
1861
1871
1867
1879
1884
1908
1889
1906
1929
1925
1921
1947
1948
1963
1953
1958
1959
1960
1971
1992
1991
1994
2014
2070
2076
2106
2109
2137
2142
2148
2152
2169
2170
2178
2190
2191
2271
2297
2317
2327
2353
2356
2369
2389
2394
2395
2415
2438
2484
2534
2549
2556
2606
2609
2648
2705
2709
2744
2748
2751
2844
2866
2869
2873
2897
2929
2944
2981
3035
3043
3062
3076
3093
3119
3120
3130
3131
3142
3167
3204
3242
3254
3279
3297
3307
3353
3355
3360
3390
3398
3400
3403
3416
3494
3545
3574
3589
3591
3597
3601
3612
3617
3628
3657
3684
3701
3702
3707
3724
3743
3755
3768
3773
3789
3809
3827
3830
3836
3876
3882
3904
3915
3974
4018
4036
4074
4096
4097
4103
4111
4115
4121
4128
4133
4158
4160
4162
4167
4169
4174
4191
4235
4239
4292
4387
4421
4424
4435
4442
4443
4460
4523
4528
4634
4711
4726
4739
4767
4785
4791
4837
4848
4861
4878
4888
4898
4910
4946
4965
4989
5003
5011
5049
5074
5136
5144
5150
5171
5172
5185
5208
5214
5220
5221
5223
5231
5251
5264
5281
5298
5307
5322
5355
5458
5524
5528
5541
5552
5648
5653
5664
5665
5726
5760
5829
5840
5871
5879
5888
5936
5937
5942
5964
5986
5991
5995
6007
6032
6045
6069
6071
6117
6121
6122
6143
6146
6159
6171
6181
6232
6249
6266
6287
6332
6334
6335
6351
6356
6373
6380
6389
6403
6418
6427
6461
6472
6582
6643
6654
6701
6724
6746
6750
6827
6831
6867
6887
6890
6910
6916
6942
6943
6948
6971
6976
7024
7030
7064
7094
7096
7114
7122
7179
7208
7223
7224
7251
7292
7293
7302
7330
7341
7347
7371
7375
7403
7415
7427
7431
7461
7483
7498
7535
7539
7582
7587
7588
7597
7615
7657
7674
7698
7700
7702
7708
7719
7725
7728
7762
7766
7795
7798
7816
7817
7857
7860
7867
7881
7894
7927
7928
7944
7984
7989
8035
8041
8090
8092
8100
8104
8154
8163
8166
8185
8189
8197
8235
8260
8320
8378
8412
8465
8493
8511
8557
8560
8576
8592
8598
8600
8608
8632
8673
8714
8720
8721
8732
8778
8783
8797
8809
8810
8819
8844
8847
8903
8925
8937
8985
3
5
6
8
15
16
17
19
20
21
23
30
31
32
35
37
39
40
41
45
53
58
61
65
66
69
71
72
73
76
77
79
82
86
88
92
96
98
99
100
105
106
115
122
127
129
132
134
137
138
139
140
141
143
145
157
158
162
164
171
174
175
176
179
181
182
183
186
187
188
189
195
209
214
224
227
232
233
234
235
237
240
241
243
246
248
251
255
256
258
259
262
264
267
268
269
273
275
281
282
283
290
291
296
298
301
303
307
309
314
317
319
325
327
330
332
335
340
342
343
346
347
350
351
356
357
358
359
362
366
368
369
370
371
372
375
376
377
378
379
388
391
392
393
394
395
396
399
402
405
406
407
408
409
412
416
419
420
423
424
425
427
430
431
433
435
436
441
443
446
447
449
454
455
458
459
465
466
473
475
476
483
484
491
495
498
500
501
503
504
505
510
517
518
521
523
524
533
534
537
538
542
543
544
546
548
553
554
556
557
559
562
564
565
568
574
576
577
581
582
586
589
593
595
598
601
602
603
604
605
606
611
615
616
619
620
622
623
629
631
635
641
644
645
646
647
648
649
655
657
658
663
666
667
668
669
672
675
676
678
680
682
684
685
688
690
694
699
701
704
705
706
707
712
714
716
719
722
724
726
727
728
729
730
734
740
742
745
746
748
749
751
752
753
754
757
764
765
768
769
770
774
776
779
782
785
786
790
791
794
799
800
802
807
822
824
827
829
832
833
837
840
847
848
849
850
852
854
855
856
858
859
860
862
863
867
871
873
875
880
881
884
886
895
896
899
900
903
906
907
910
911
913
916
917
921
923
924
929
932
934
935
937
938
939
941
942
943
945
946
949
950
951
961
962
963
965
967
968
974
975
976
978
980
982
986
989
990
991
995
996
999
1000
1003
1007
1008
1011
1012
1013
1014
1018
1019
1021
1031
1037
1039
1040
1043
1048
1049
1051
1052
1054
1057
1060
1061
1062
1063
1064
1065
1067
1068
1070
1071
1075
1077
1078
1083
1085
1087
1089
1090
1091
1095
1098
1101
1102
1105
1110
1114
1115
1120
1121
1125
1126
1130
1132
1133
1134
1140
1142
1146
1151
1153
1154
1160
1161
1162
1164
1165
1171
1172
1174
1177
1182
1183
1184
1187
1191
1195
1196
1201
1202
1204
1211
1212
1213
1214
1215
1217
1218
1220
1222
1223
1226
1227
1228
1229
1235
1240
1241
1242
1243
1245
1247
1250
1254
1255
1256
1257
292
439
1477
1720
223
280
1312
1316
1408
1420
1428
1456
1482
1489
1525
1575
1585
1601
1625
1663
1763
1780
1785
1840
1842
1876
1944
1382
1386
1507
1526
1542
1598
1978
1338
1559
1577
1619
1768
1993
126
1279
1296
1315
1328
1400
1707
1822
1860
461
1284
1289
1335
1383
1461
1511
1517
1541
1593
1651
1697
1740
1762
536
1416
1434
1475
1569
1592
1718
1722
1954
1972
124
1262
1377
1503
1544
1635
1706
1814
1873
1896
1931
569
695
1354
1479
1508
1536
1604
1646
1704
1781
1784
1787
1799
1965
703
944
1094
1275
1314
1325
1360
1539
1551
1574
1679
1746
1755
1776
1797
1903
1909
1977
632
1271
1309
1311
1380
1401
1501
1513
1527
1611
1631
1669
1686
1717
1817
1835
1907
1915
1926
1945
956
1168
1303
1364
1423
1463
1531
1607
1742
1774
1858
1910
1924
1985
1209
1292
1388
1421
1550
1561
1608
1624
1743
1804
1839
1849
1892
1893
1988
744
971
1109
1266
1283
1305
1378
1392
1396
1443
1485
1657
1658
1671
1749
1770
1786
1825
1829
1870
1887
1941
508
1023
1272
1301
1545
1650
1655
1674
1979
80
305
1321
1589
1841
1576
1677
1270
1772
1504
1997
1596
1439
1695
1458
1883
1882
1750
1313
1680
585
22
75
101
113
149
163
207
336
621
630
633
887
958
1041
1076
1107
1141
1144
1166
1188
1252
1260
1264
1269
1281
1293
1329
1339
1356
1357
1394
1406
1433
1442
1447
1452
1455
1494
1495
1510
1514
1515
1522
1524
1537
1538
1546
1549
1553
1556
1558
1563
1587
1613
1623
1629
1636
1639
1694
1700
1732
1734
1735
1739
1760
1764
1766
1779
1791
1798
1845
1850
1864
1872
1881
1897
1905
1917
1923
1932
1935
1973
1995
276
528
897
992
998
1026
1138
1203
1263
1268
1297
1300
1337
1368
1390
1393
1411
1462
1530
1597
1606
1685
1693
1737
1761
1775
1793
1813
1857
1885
1918
1968
1976
1369
1384
1891
1523
1913
1681
1628
1643
1282
1668
1709
1778
1875
825
1773
1895
1961
50
499
1653
1715
1943
1059
1326
1366
1837
1952
1980
352
374
1288
1304
1412
1847
1862
930
1502
1620
1809
1914
1435
1467
1765
821
1038
1904
1614
1702
1473
1499
1372
1580
1728
1902
1936
1599
1900
1066
1595
1349
1946
1484
1788
1912
789
812
7
421
661
803
815
1106
1374
1464
1470
1984
34
288
1104
38
247
572
1584
311
1219
1703
979
1579
1615
1990
95
193
502
819
155
1004
1432
1745
1820
114
341
561
877
988
1708
1836
1512
1583
1640
1759
1987
1730
120
486
511
736
1418
337
814
1370
78
725
902
1638
472
1079
590
107
540
1185
977
60
670
225
1244
1795
1414
1600
1158
