27
26
36
33
48
52
56
42
55
67
59
81
89
91
93
97
74
110
123
131
121
150
130
146
168
160
202
177
204
206
203
205
200
213
222
236
230
244
253
265
250
266
260
287
284
286
293
315
274
316
318
324
326
344
355
381
360
389
390
403
404
413
444
411
442
452
445
467
468
448
462
471
463
485
482
480
490
513
512
515
514
530
526
535
532
545
547
580
594
591
583
587
600
599
639
638
634
628
640
660
677
681
696
715
723
737
738
733
758
766
777
801
813
796
808
810
830
828
835
845
853
838
842
869
893
904
908
927
948
954
952
957
955
985
994
1015
1005
1009
1010
1017
1020
1028
1029
1030
1034
1042
1050
1036
1069
1080
1099
1103
1100
1112
1122
1131
1127
1137
1148
1157
1170
1155
1152
1186
1197
1175
1179
1199
1207
1233
1236
1237
1232
1258
1278
1290
1287
1291
1306
1294
1318
1336
1324
1330
1341
1346
1333
1353
1363
1381
1385
1379
1403
1387
1402
1422
1430
1431
1453
1449
1451
1480
1466
1481
1497
1492
1496
1519
1518
1521
1548
1535
1581
1547
1586
1610
1618
1603
1627
1632
1661
1648
1673
1687
1676
1659
1688
1689
1714
1716
1721
1710
1736
1754
1726
1771
1767
1758
1769
1802
1812
1808
1828
1831
1824
1843
1856
1854
1859
1848
1861
1871
1867
1879
1884
1908
1889
1906
1929
1925
1921
1947
1948
1963
1953
1958
1959
1960
1971
1992
1991
1994
2014
2070
2076
2106
2109
2137
2142
2148
2152
2169
2170
2178
2190
2191
2271
2297
2317
2327
2353
2356
2369
2389
2394
2395
2415
2438
2484
2534
2549
2556
2606
2609
2648
2705
2709
2744
2748
2751
2844
2866
2869
2873
2897
2929
2944
2981
3035
3043
3062
3076
3093
3119
3120
3130
3131
3142
3167
3204
3242
3254
3279
3297
3307
3353
3355
3360
3390
3398
3400
3403
3416
3494
3545
3574
3589
3591
3597
3601
3612
3617
3628
3657
3684
3701
3702
3707
3724
3743
3755
3768
3773
3789
3809
3827
3830
3836
3876
3882
3904
3915
3974
4018
4036
4074
4096
4097
4103
4111
4115
4121
4128
4133
4158
4160
4162
4167
4169
4174
4191
4235
4239
4292
4387
4421
4424
4435
4442
4443
4460
4523
4528
4634
4711
4726
4739
4767
4785
4791
4837
4848
4861
4878
4888
4898
4910
4946
4965
4989
5003
5011
5049
5074
5136
5144
5150
5171
5172
5185
5208
5214
5220
5221
5223
5231
5251
5264
5281
5298
5307
5322
5355
5458
5524
5528
5541
5552
5648
5653
5664
5665
5726
5760
5829
5840
5871
5879
5888
5936
5937
5942
5964
5986
5991
5995
6007
6032
6045
6069
6071
6117
6121
6122
6143
6146
6159
6171
6181
6232
6249
6266
6287
6332
6334
6335
6351
6356
6373
6380
6389
6403
6418
6427
6461
6472
6582
6643
6654
6701
6724
6746
6750
6827
6831
6867
6887
6890
6910
6916
6942
6943
6948
6971
6976
7024
7030
7064
7094
7096
7114
7122
7179
7208
7223
7224
7251
7292
7293
7302
7330
7341
7347
7371
7375
7403
7415
7427
7431
7461
7483
7498
7535
7539
7582
7587
7588
7597
7615
7657
7674
7698
7700
7702
7708
7719
7725
7728
7762
7766
7795
7798
7816
7817
7857
7860
7867
7881
7894
7927
7928
7944
7984
7989
8035
8041
8090
8092
8100
8104
8154
8163
8166
8185
8189
8197
8235
8260
8320
8378
8412
8465
8493
8511
8557
8560
8576
8592
8598
8600
8608
8632
8673
8714
8720
8721
8732
8778
8783
8797
8809
8810
8819
8844
8847
8903
8925
8937
8985
3
5
6
8
15
16
17
19
20
21
23
30
31
32
35
37
39
40
41
45
53
58
61
65
66
69
71
72
73
76
77
79
82
86
88
92
96
98
99
100
105
106
115
122
127
129
132
134
137
138
139
140
141
143
145
157
158
162
164
171
174
175
176
179
181
182
183
186
187
188
189
195
209
214
224
227
232
233
234
235
237
240
241
243
246
248
251
255
256
258
259
262
264
267
268
269
273
275
281
282
283
290
291
296
298
301
303
307
309
314
317
319
325
327
330
332
335
340
342
343
346
347
350
351
356
357
358
359
362
366
368
369
370
371
372
375
376
377
378
379
388
391
392
393
394
395
396
399
402
405
406
407
408
409
412
416
419
420
423
424
425
427
430
431
433
435
436
441
443
446
447
449
454
455
458
459
465
466
473
475
476
483
484
491
495
498
500
501
503
504
505
510
517
518
521
523
524
533
534
537
538
542
543
544
546
548
553
554
556
557
559
562
564
565
568
574
576
577
581
582
586
589
593
595
598
601
602
603
604
605
606
611
615
616
619
620
622
623
629
631
635
641
644
645
646
647
648
649
655
657
658
663
666
667
668
669
672
675
676
678
680
682
684
685
688
690
694
699
701
704
705
706
707
712
714
716
719
722
724
726
727
728
729
730
734
740
742
745
746
748
749
751
752
753
754
757
764
765
768
769
770
774
776
779
782
785
786
790
791
794
799
800
802
807
822
824
827
829
832
833
837
840
847
848
849
850
852
854
855
856
858
859
860
862
863
867
871
873
875
880
881
884
886
895
896
899
900
903
906
907
910
911
913
916
917
921
923
924
929
932
934
935
937
938
939
941
942
943
945
946
949
950
951
961
962
963
965
967
968
974
975
976
978
980
982
986
989
990
991
995
996
999
1000
1003
1007
1008
1011
1012
1013
1014
1018
1019
1021
1031
1037
1039
1040
1043
1048
1049
1051
1052
1054
1057
1060
1061
1062
1063
1064
1065
1067
1068
1070
1071
1075
1077
1078
1083
1085
1087
1089
1090
1091
1095
1098
1101
1102
1105
1110
1114
1115
1120
1121
1125
1126
1130
1132
1133
1134
1140
1142
1146
1151
1153
1154
1160
1161
1162
1164
1165
1171
1172
1174
1177
1182
1183
1184
1187
1191
1195
1196
1201
1202
1204
1211
1212
1213
1214
1215
1217
1218
1220
1222
1223
1226
1227
1228
1229
1235
1240
1241
1242
1243
1245
1247
1250
1254
1255
1256
1257
292
439
1477
1720
223
280
1312
1316
1408
1420
1428
1456
1482
1489
1525
1575
1585
1601
1625
1663
1763
1780
1785
1840
1842
1876
1944
1382
1386
1507
1526
1542
1598
1978
1338
1559
1577
1619
1768
1993
126
1279
1296
1315
1328
1400
1707
1822
1860
461
1284
1289
1335
1383
1461
1511
1517
1541
1593
1651
1697
1740
1762
536
1416
1434
1475
1569
1592
1718
1722
1954
1972
124
1262
1377
1503
1544
1635
1706
1814
1873
1896
1931
569
695
1354
1479
1508
1536
1604
1646
1704
1781
1784
1787
1799
1965
703
944
1094
1275
1314
1325
1360
1539
1551
1574
1679
1746
1755
1776
1797
1903
1909
1977
632
1271
1309
1311
1380
1401
1501
1513
1527
1611
1631
1669
1686
1717
1817
1835
1907
1915
1926
1945
956
1168
1303
1364
1423
1463
1531
1607
1742
1774
1858
1910
1924
1985
1209
1292
1388
1421
1550
1561
1608
1624
1743
1804
1839
1849
1892
1893
1988
744
971
1109
1266
1283
1305
1378
1392
1396
1443
1485
1657
1658
1671
1749
1770
1786
1825
1829
1870
1887
1941
508
1023
1272
1301
1545
1650
1655
1674
1979
80
305
1321
1589
1841
1576
1677
1270
1772
1504
1997
1596
1439
1695
1458
1883
1882
1750
1313
1680
585
22
75
101
113
149
163
207
336
621
630
633
887
958
1041
1076
1107
1141
1144
1166
1188
1252
1260
1264
1269
1281
1293
1329
1339
1356
1357
1394
1406
1433
1442
1447
1452
1455
1494
1495
1510
1514
1515
1522
1524
1537
1538
1546
1549
1553
1556
1558
1563
1587
1613
1623
1629
1636
1639
1694
1700
1732
1734
1735
1739
1760
1764
1766
1779
1791
1798
1845
1850
1864
1872
1881
1897
1905
1917
1923
1932
1935
1973
1995
276
528
897
992
998
1026
1138
1203
1263
1268
1297
1300
1337
1368
1390
1393
1411
1462
1530
1597
1606
1685
1693
1737
1761
1775
1793
1813
1857
1885
1918
1968
1976
1369
1384
1891
1523
1913
1681
1628
1643
1282
1668
1709
1778
1875
825
1773
1895
1961
50
499
1653
1715
1943
1059
1326
1366
1837
1952
1980
352
374
1288
1304
1412
1847
1862
930
1502
1620
1809
1914
1435
1467
1765
821
1038
1904
1614
1702
1473
1499
1372
1580
1728
1902
1936
1599
1900
1066
1595
1349
1946
1484
1788
1912
789
812
7
421
661
803
815
1106
1374
1464
1470
1984
34
288
1104
38
247
572
1584
311
1219
1703
979
1579
1615
1990
95
193
502
819
155
1004
1432
1745
1820
114
341
561
877
988
1708
1836
1512
1583
1640
1759
1987
1730
120
486
511
736
1418
337
814
1370
78
725
902
1638
472
1079
590
107
540
1185
977
60
670
225
1244
1795
1414
1600
1158
12
85
154
191
197
261
383
417
428
481
549
702
743
772
806
876
915
1163
1261
1323
1375
1399
1438
1440
1468
1469
1562
1652
1666
1675
1851
1899
1981
2025
2047
2060
2071
2080
2082
2087
2099
2125
2138
2147
2153
2179
2193
2198
2239
2252
2255
2291
2301
2320
2331
2359
2378
2435
2452
2461
2465
2473
2547
2562
2595
2608
2629
2632
2635
2663
2680
2746
2791
2808
2841
2861
2901
2924
2936
2954
2972
2995
3009
3016
3057
3058
3066
3108
3115
3125
3147
3153
3171
3172
3200
3213
3234
3270
3275
3296
3304
3329
3434
3480
3491
3519
3616
3678
3688
3717
3751
3757
3759
3798
3805
3822
3842
3848
3855
3909
3910
3919
3923
3928
3958
3969
3970
3989
3998
4000
4003
4012
4044
4064
4095
4107
4114
4138
4143
4208
4214
4360
4400
4409
4434
4438
4440
4464
4476
4513
4533
4545
4553
4577
4588
4620
4664
4712
4760
4811
4824
4827
4854
4876
4897
4963
4974
4999
5041
5057
5107
5114
5121
5131
5132
5218
5312
5345
5352
5392
5397
5422
5445
5446
5466
5475
5494
5537
5556
5590
5607
5611
5613
5633
5657
5660
5695
5750
5782
5800
5874
5926
5952
5958
5992
6015
6058
6061
6074
6101
6111
6119
6152
6155
6160
6225
6246
6328
6340
6377
6395
6409
6447
6469
6515
6537
6554
6605
6608
6629
6659
6676
6689
6720
6727
6730
6739
6766
6767
6797
6814
6822
6832
6838
6861
6879
6927
6934
6946
6981
6992
7019
7033
7045
7053
7065
7067
7115
7116
7117
7165
7176
7207
7213
7220
7241
7258
7268
7273
7331
7342
7344
7354
7366
7367
7396
7405
7419
7428
7432
7433
7467
7486
7495
7530
7602
7614
7620
7637
7644
7652
7675
7678
7684
7686
7693
7720
7733
7742
7746
7786
7788
7799
7809
7831
7834
7835
7839
7855
7874
7912
7938
7965
7966
7987
8004
8012
8030
8036
8054
8056
8081
8086
8115
8133
8136
8172
8216
8255
8280
8281
8317
8328
8349
8384
8397
8401
8426
8443
8454
8476
8480
8515
8525
8562
8581
8587
8599
8616
8634
8636
8655
8682
8693
8700
8750
8754
8764
8771
8841
8851
8854
8863
8878
8889
8922
8926
8930
8942
8948
8953
8970
8971
0
43
51
102
128
148
192
249
272
348
349
386
457
494
516
596
612
659
698
708
711
767
771
787
817
894
898
933
984
1081
1092
1180
1206
1332
1340
1345
1405
1409
1486
1605
1649
1670
1792
1806
1811
1816
1827
1833
1869
1877
1950
1974
2016
2021
2035
2036
2044
2073
2101
2140
2141
2144
2145
2146
2202
2209
2211
2217
2250
2256
2265
2268
2294
2296
2332
2334
2338
2350
2352
2365
2372
2407
2408
2422
2428
2439
2446
2493
2519
2525
2531
2532
2535
2541
2563
2564
2614
2633
2636
2637
2652
2653
2654
2684
2690
2719
2727
2753
2787
2797
2803
2810
2816
2829
2845
2848
2851
2859
2875
2876
2894
2938
2986
2988
2993
3003
3007
3010
3046
3049
3064
3137
3159
3162
3180
3187
3188
3194
3219
3227
3256
3266
3287
3315
3321
3332
3338
3339
3342
3350
3361
3381
3393
3405
3406
3410
3431
3433
3446
3469
3471
3478
3479
3509
3514
3537
3546
3575
3590
3630
3637
3638
3665
3668
3677
3689
3729
3735
3742
3754
3764
3779
3807
3817
3837
3850
3865
3866
3873
3884
3890
3896
3899
3901
3906
3926
3951
3955
3997
4002
4005
4009
4051
4060
4130
4145
4147
4153
4164
4165
4171
4175
4192
4223
4242
4256
4266
4271
4295
4306
4308
4311
4315
4335
4349
4358
4382
4384
4407
4441
4456
4469
4480
4491
4516
4529
4551
4579
4596
4599
4619
4635
4645
4670
4685
4689
4690
4691
4696
4707
4733
4734
4742
4747
4773
4788
4803
4804
4823
4830
4833
4838
4856
4884
4895
4899
4909
4912
4917
4925
4934
4948
4954
4956
4981
4995
5009
5017
5030
5064
5087
5096
5141
5142
5155
5162
5194
5198
5206
5227
5229
5282
5290
5293
5321
5364
5374
5375
5377
5381
5390
5396
5469
5470
5483
5507
5511
5522
5568
5575
5591
5592
5594
5608
5628
5635
5641
5649
5655
5659
5669
5682
5700
5722
5749
5755
5781
5831
5856
5885
5902
5957
5978
5983
6008
6046
6048
6050
6054
6084
6094
6118
6123
6138
6183
6185
6197
6204
6218
6224
6253
6255
6259
6260
6276
6299
6306
6330
6354
6357
6359
6371
6396
6402
6414
6450
6459
6464
6478
6491
6502
6510
6512
6514
6560
6561
6572
6589
6596
6613
6616
6617
6619
6651
6652
6653
6669
6672
6703
6726
6751
6753
6790
6792
6815
6820
6854
6855
6880
6944
6957
6977
6987
6990
7006
7007
7022
7069
7070
7084
7153
7162
7187
7190
7191
7195
7198
7203
7210
7229
7233
7235
7265
7271
7276
7312
7315
7318
7345
7346
7351
7356
7358
7387
7421
7424
7443
7453
7460
7462
7520
7537
7538
7552
7567
7569
7592
7599
7606
7607
7668
7723
7729
7735
7753
7773
7777
7808
7820
7827
7843
7851
7856
7878
7887
7929
7930
7941
7959
7975
7981
7998
8020
8045
8057
8083
8105
8109
8145
8146
8159
8191
8214
8282
8290
8292
8312
8315
8334
8356
8358
8361
8394
8428
8432
8435
8436
8448
8472
8479
8508
8512
8546
8559
8594
8604
8635
8640
8667
8697
8716
8729
8753
8773
8799
8823
8838
8843
8845
8849
8852
8874
8944
8976
8977
9
25
184
185
219
257
271
320
323
387
401
415
434
437
456
469
560
571
578
588
609
617
625
627
637
653
654
679
717
721
741
762
775
820
826
841
866
872
928
969
1001
1113
1118
1119
1123
1208
1239
1253
1259
1274
1295
1317
1319
1320
1358
1362
1373
1397
1448
1450
1509
1532
1555
1560
1564
1690
1723
1790
1823
1846
1878
1890
1934
1957
1966
2007
2012
2015
2023
2028
2053
2086
2098
2111
2204
2223
2244
2246
2272
2322
2344
2367
2385
2401
2406
2410
2455
2464
2480
2501
2505
2517
2522
2527
2552
2577
2578
2602
2618
2640
2661
2677
2692
2743
2840
2854
2874
2892
2896
2928
2953
2996
2997
3053
3061
3067
3071
3077
3090
3118
3121
3134
3148
3152
3166
3184
3216
3222
3224
3253
3261
3268
3277
3282
3285
3317
3324
3330
3370
3401
3418
3438
3440
3443
3447
3473
3477
3512
3513
3532
3533
3567
3569
3583
3596
3639
3640
3642
3643
3646
3652
3679
3696
3697
3706
3716
3718
3748
3762
3781
3783
3785
3787
3794
3829
3859
3869
3879
3881
3935
3961
4001
4010
4032
4042
4053
4055
4065
4070
4088
4116
4125
4155
4159
4170
4198
4212
4238
4254
4257
4262
4276
4281
4309
4313
4326
4352
4353
4356
4383
4385
4428
4465
4483
4494
4501
4511
4512
4520
4522
4534
4542
4543
4590
4617
4640
4650
4651
4680
4683
4735
4751
4759
4766
4768
4783
4799
4805
4822
4882
4890
4894
4930
4943
4958
4970
4991
5007
5010
5033
5062
5070
5073
5076
5078
5135
5154
5159
5165
5177
5201
5213
5222
5234
5236
5260
5261
5278
5289
5327
5333
5335
5361
5368
5404
5410
5423
5450
5461
5492
5497
5504
5505
5506
5530
5557
5571
5583
5593
5616
5625
5639
5672
5673
5675
5678
5696
5702
5716
5739
5741
5744
5759
5762
5770
5779
5788
5796
5811
5816
5821
5834
5854
5890
5920
5921
5925
5930
5935
5966
5975
5994
6043
6053
6060
6081
6082
6102
6126
6164
6182
6196
6198
6210
6212
6227
6230
6236
6282
6284
6309
6311
6345
6365
6404
6423
6466
6473
6477
6496
6506
6516
6587
6594
6612
6622
6630
6638
6648
6661
6670
6671
6678
6683
6695
6702
6722
6748
6816
6821
6849
6871
6893
6898
6956
6960
6965
6969
6994
7010
7025
7037
7042
7068
7078
7079
7087
7090
7099
7100
7126
7130
7135
7155
7177
7254
7281
7290
7311
7314
7324
7328
7339
7364
7376
7379
7384
7410
7411
7429
7447
7448
7485
7493
7496
7557
7568
7576
7577
7586
7594
7604
7608
7619
7636
7647
7650
7656
7661
7679
7682
7683
7691
7699
7703
7727
7732
7738
7743
7752
7755
7768
7792
7807
7810
7815
7837
7838
7858
7869
7889
7962
7972
7993
7996
8019
8024
8028
8061
8160
8176
8181
8186
8210
8229
8259
8274
8278
8296
8299
8316
8362
8364
8369
8370
8392
8416
8457
8458
8464
8478
8499
8518
8533
8585
8624
8626
8638
8652
8662
8676
8684
8686
8691
8758
8780
8885
8950
8956
8961
8984
